-9.339356e+01    0    0
-1.797553e+02    0    0
1.237771e+02    0    0
1.157778e+02    0    0
7.232702e+01    0    0
1.907702e+01    0    0
5.534830e+01    0    0
-4.305851e+01    0    0
-1.332926e+02    0    0
1.022677e+02    0    0
-1.329845e+02    0    0
1.230975e+02    0    0
2.740665e+00    0    0
9.299056e+00    0    0
5.313571e+01    0    0
3.843531e+01    0    0
2.203653e+01    0    0
1.450627e+01    0    0
1.398570e+02    0    0
1.807516e+02    0    0
-2.131607e+02    0    0
-2.659961e+01    0    0
-2.126698e+02    0    0
1.120532e+02    0    0
4.451299e+01    0    0
-1.434612e+02    0    0
-5.295840e+01    0    0
1.035668e+02    0    0
-1.910644e+02    0    0
2.593756e+02    0    0
-1.832142e+02    0    0
-1.947440e+01    0    0
-9.441329e+01    0    0
1.154397e+02    0    0
1.356179e+02    0    0
-1.377471e+02    0    0
-1.770473e+02    0    0
1.903685e+02    0    0
-2.447399e+02    0    0
5.557020e+01    0    0
2.795304e+02    0    0
-4.007933e+01    0    0
-6.919578e+01    0    0
-1.608455e+02    0    0
9.670838e+01    0    0
1.261165e+02    0    0
-1.299045e+02    0    0
8.699187e+01    0    0
-1.167656e+02    0    0
5.250801e+00    0    0
-1.461174e+02    0    0
1.510672e+02    0    0
8.849896e+01    0    0
4.511842e+01    0    0
7.108815e+01    0    0
1.324395e+02    0    0
-1.121874e+02    0    0
1.090130e+02    0    0
-3.866514e+01    0    0
2.133388e+02    0    0
-1.427453e+02    0    0
1.426451e+02    0    0
-9.034529e+01    0    0
-1.531618e+01    0    0
6.578037e+01    0    0
1.264756e+02    0    0
-1.144733e+02    0    0
4.890562e+01    0    0
1.602379e+02    0    0
-1.385929e+01    0    0
-1.679957e+02    0    0
-1.874964e+02    0    0
-3.853727e+00    0    0
1.209914e+02    0    0
-2.278450e+01    0    0
-2.076868e+02    0    0
3.489056e+01    0    0
-1.085229e+02    0    0
1.582711e+02    0    0
8.990644e+01    0    0
-8.505340e+01    0    0
-6.970378e+01    0    0
5.837758e+00    0    0
   0    0    0
